429 0.0000
571 0.0167
657 0.0333
681 0.0500
710 0.0667
752 0.0833
775 0.1000
793 0.1167
821 0.1333
848 0.1500
869 0.1667
886 0.1833
902 0.2000
913 0.2167
919 0.2333
924 0.2500
939 0.2667
951 0.2833
961 0.3000
975 0.3167
992 0.3333
999 0.3500
1005 0.3667
1013 0.3833
1023 0.4000
1025 0.4167
1032 0.4333
1037 0.4500
1045 0.4667
1055 0.4833
1064 0.5000
1071 0.5167
1076 0.5333
1087 0.5500
1096 0.5667
1115 0.5833
1123 0.6000
1135 0.6167
1141 0.6333
1156 0.6500
1165 0.6667
1175 0.6833
1186 0.7000
1200 0.7167
1208 0.7333
1219 0.7500
1231 0.7667
1247 0.7833
1275 0.8000
1311 0.8167
1344 0.8333
1374 0.8500
1404 0.8667
1430 0.8833
1466 0.9000
1525 0.9167
1555 0.9333
1589 0.9500
1687 0.9667
2304 0.9833
14286 1.0000
