1062 0.0000
1162 0.0167
1200 0.0333
1243 0.0500
1645 0.0667
1692 0.0833
1850 0.1000
1882 0.1167
1934 0.1333
2049 0.1500
2099 0.1667
2178 0.1833
2248 0.2000
2304 0.2167
2327 0.2333
2345 0.2500
2384 0.2667
2420 0.2833
2450 0.3000
2471 0.3167
2497 0.3333
2516 0.3500
2526 0.3667
2534 0.3833
2543 0.4000
2560 0.4167
2570 0.4333
2596 0.4500
2622 0.4667
2642 0.4833
2664 0.5000
2685 0.5167
2698 0.5333
2720 0.5500
2755 0.5667
2771 0.5833
2796 0.6000
2830 0.6167
2868 0.6333
2952 0.6500
3003 0.6667
3056 0.6833
3153 0.7000
3184 0.7167
3243 0.7333
3300 0.7500
3328 0.7667
3394 0.7833
3514 0.8000
3600 0.8167
3671 0.8333
3714 0.8500
3786 0.8667
3852 0.8833
4009 0.9000
4342 0.9167
4549 0.9333
5636 0.9500
6687 0.9667
8289 0.9833
16308 1.0000
