562 0.0000
734 0.0167
876 0.0333
903 0.0500
921 0.0667
937 0.0833
958 0.1000
989 0.1167
1020 0.1333
1041 0.1500
1058 0.1667
1064 0.1833
1086 0.2000
1111 0.2167
1125 0.2333
1146 0.2500
1166 0.2667
1181 0.2833
1201 0.3000
1210 0.3167
1221 0.3333
1239 0.3500
1252 0.3667
1268 0.3833
1280 0.4000
1287 0.4167
1291 0.4333
1297 0.4500
1305 0.4667
1318 0.4833
1335 0.5000
1351 0.5167
1370 0.5333
1377 0.5500
1390 0.5667
1402 0.5833
1411 0.6000
1425 0.6167
1446 0.6333
1464 0.6500
1481 0.6667
1506 0.6833
1527 0.7000
1544 0.7167
1576 0.7333
1597 0.7500
1625 0.7667
1634 0.7833
1662 0.8000
1684 0.8167
1700 0.8333
1722 0.8500
1774 0.8667
1815 0.8833
1861 0.9000
1921 0.9167
1982 0.9333
2049 0.9500
2277 0.9667
2598 0.9833
14524 1.0000
