395 0.0000
469 0.0167
550 0.0333
575 0.0500
604 0.0667
635 0.0833
660 0.1000
685 0.1167
699 0.1333
714 0.1500
724 0.1667
731 0.1833
739 0.2000
753 0.2167
768 0.2333
787 0.2500
800 0.2667
809 0.2833
819 0.3000
828 0.3167
833 0.3333
842 0.3500
850 0.3667
864 0.3833
871 0.4000
881 0.4167
889 0.4333
894 0.4500
901 0.4667
909 0.4833
916 0.5000
924 0.5167
935 0.5333
946 0.5500
951 0.5667
955 0.5833
964 0.6000
973 0.6167
977 0.6333
988 0.6500
1006 0.6667
1017 0.6833
1030 0.7000
1043 0.7167
1058 0.7333
1071 0.7500
1095 0.7667
1120 0.7833
1151 0.8000
1173 0.8167
1195 0.8333
1262 0.8500
1316 0.8667
1383 0.8833
1440 0.9000
1484 0.9167
1612 0.9333
2104 0.9500
2247 0.9667
4295 0.9833
12236 1.0000
