505 0.0000
651 0.0167
799 0.0333
839 0.0500
864 0.0667
882 0.0833
912 0.1000
931 0.1167
955 0.1333
963 0.1500
986 0.1667
1001 0.1833
1008 0.2000
1020 0.2167
1029 0.2333
1037 0.2500
1049 0.2667
1058 0.2833
1066 0.3000
1074 0.3167
1087 0.3333
1100 0.3500
1111 0.3667
1123 0.3833
1132 0.4000
1148 0.4167
1163 0.4333
1179 0.4500
1195 0.4667
1205 0.4833
1219 0.5000
1231 0.5167
1242 0.5333
1258 0.5500
1274 0.5667
1281 0.5833
1294 0.6000
1302 0.6167
1312 0.6333
1326 0.6500
1346 0.6667
1357 0.6833
1375 0.7000
1387 0.7167
1396 0.7333
1404 0.7500
1420 0.7667
1437 0.7833
1461 0.8000
1490 0.8167
1517 0.8333
1602 0.8500
1639 0.8667
1684 0.8833
1743 0.9000
1801 0.9167
1978 0.9333
2431 0.9500
2564 0.9667
3986 0.9833
14645 1.0000
