578 0.0000
822 0.0167
1022 0.0333
1086 0.0500
1124 0.0667
1160 0.0833
1176 0.1000
1192 0.1167
1212 0.1333
1228 0.1500
1253 0.1667
1267 0.1833
1285 0.2000
1301 0.2167
1322 0.2333
1335 0.2500
1349 0.2667
1356 0.2833
1373 0.3000
1385 0.3167
1405 0.3333
1424 0.3500
1455 0.3667
1473 0.3833
1485 0.4000
1501 0.4167
1517 0.4333
1542 0.4500
1555 0.4667
1576 0.4833
1594 0.5000
1602 0.5167
1609 0.5333
1616 0.5500
1633 0.5667
1642 0.5833
1665 0.6000
1687 0.6167
1709 0.6333
1723 0.6500
1741 0.6667
1761 0.6833
1779 0.7000
1799 0.7167
1837 0.7333
1858 0.7500
1881 0.7667
1907 0.7833
1934 0.8000
1963 0.8167
1987 0.8333
2029 0.8500
2086 0.8667
2125 0.8833
2199 0.9000
2327 0.9167
2403 0.9333
2905 0.9500
3081 0.9667
3569 0.9833
13786 1.0000
