hours inflight done
0.017 1 0
0.017 2 0
0.017 3 0
0.017 3 0
0.017 3 0
0.033 4 0
0.033 4 0
0.033 4 0
0.033 4 0
0.033 5 0
0.033 6 0
0.033 7 0
0.050 8 0
0.050 9 0
0.067 10 0
0.067 11 0
0.083 12 0
0.083 13 0
0.100 14 0
0.100 14 0
0.100 15 0
0.100 15 0
0.100 15 0
0.100 16 0
0.117 17 0
0.117 18 0
0.133 19 0
0.133 20 0
0.150 19 0
0.150 18 0
0.150 17 0
0.150 16 0
0.150 15 0
0.150 16 0
0.150 16 0
0.150 16 0
0.150 17 0
0.150 17 0
0.150 17 0
0.167 18 0
0.167 19 0
0.167 20 0
0.183 19 0
0.183 18 0
0.183 17 0
0.200 18 0
0.200 19 0
0.217 20 0
0.417 19 1
0.417 20 1
0.483 19 2
0.483 20 2
0.717 19 3
0.733 20 3
0.767 19 4
0.767 20 4
0.783 19 5
0.783 18 6
0.800 19 6
0.800 20 6
0.817 19 7
0.833 20 7
0.850 19 8
0.850 20 8
0.900 19 9
0.900 18 10
0.900 19 10
0.917 20 10
0.950 19 11
0.950 20 11
1.100 19 12
1.100 20 12
1.183 19 13
1.183 20 13
1.233 19 14
1.250 20 14
1.350 19 15
1.367 20 15
1.383 19 16
1.383 18 17
1.383 17 18
1.383 18 18
1.400 19 18
1.400 20 18
1.483 19 19
1.483 20 19
1.517 19 20
1.533 20 20
1.567 19 21
1.567 20 21
1.667 19 22
1.667 20 22
1.683 19 22
1.683 18 23
1.700 19 23
1.700 20 23
1.750 19 24
1.750 20 24
1.767 19 25
1.783 20 25
1.800 19 26
1.800 20 26
1.817 19 27
1.833 20 27
1.850 19 28
1.850 20 28
1.867 19 29
1.883 20 29
1.933 19 29
1.933 20 29
1.967 19 30
1.967 18 31
1.967 19 31
1.983 20 31
2.000 19 32
2.000 18 33
2.000 19 33
2.017 20 33
2.033 19 34
2.033 18 35
2.033 17 36
2.033 18 36
2.050 19 36
2.050 20 36
2.133 19 37
2.150 20 37
2.183 19 38
2.183 20 38
2.267 19 39
2.283 20 39
2.300 19 40
2.300 18 41
2.300 19 41
2.317 20 41
2.417 19 42
2.433 20 42
2.483 19 42
2.483 20 42
2.500 19 42
2.517 20 42
2.533 19 42
2.550 20 42
2.583 19 43
2.583 20 43
2.600 19 44
2.617 20 44
2.633 19 45
2.633 18 46
2.633 19 46
2.650 20 46
2.667 19 47
2.667 20 47
2.683 19 48
2.683 18 49
2.683 17 49
2.700 18 49
2.700 19 49
2.717 20 49
2.733 19 50
2.733 18 51
2.733 19 51
2.750 20 51
2.767 19 52
2.767 18 53
2.767 19 53
2.783 20 53
2.800 19 54
2.800 18 55
2.800 17 56
2.800 16 57
2.800 15 57
2.800 16 57
2.817 17 57
2.817 18 57
2.833 19 57
2.833 20 57
2.883 19 58
2.883 20 58
3.133 19 59
3.150 20 59
3.217 19 60
3.233 20 60
3.350 19 61
3.350 20 61
3.450 19 62
3.450 20 62
3.467 19 63
3.467 18 64
3.467 17 65
3.483 18 65
3.483 19 65
3.500 20 65
3.517 19 66
3.517 20 66
3.533 19 67
3.533 18 68
3.550 19 68
3.550 20 68
3.583 19 69
3.600 20 69
3.617 19 70
3.617 18 71
3.633 19 71
3.633 20 71
3.667 19 71
3.683 20 71
3.733 19 72
3.733 20 72
3.750 19 73
3.767 20 73
3.783 19 74
3.800 20 74
3.867 19 75
3.867 20 75
3.883 19 76
3.900 20 76
3.950 19 77
3.950 20 77
3.967 19 78
3.983 20 78
4.000 19 79
4.017 20 79
4.083 19 80
4.083 20 80
4.100 19 81
4.117 20 81
4.150 19 82
4.150 20 82
4.200 19 83
4.200 20 83
4.217 19 84
4.233 20 84
4.250 19 85
4.250 20 85
4.283 19 85
4.300 20 85
4.550 19 86
4.550 20 86
4.567 19 87
4.583 20 87
4.600 19 88
4.600 18 89
4.600 19 89
4.617 20 89
4.633 19 90
4.633 18 91
4.633 19 91
4.650 20 91
4.667 19 92
4.667 20 92
4.683 19 93
4.700 18 94
4.700 19 94
4.717 20 94
4.733 19 95
4.733 18 96
4.733 19 96
4.750 20 96
4.767 19 97
4.767 20 97
4.817 19 98
4.833 20 98
4.850 19 99
4.850 20 99
4.883 19 100
4.900 20 100
4.917 19 101
4.917 20 101
4.967 19 102
4.967 18 103
4.967 19 103
4.983 20 103
5.033 19 104
5.033 20 104
5.050 19 105
5.067 20 105
5.100 19 106
5.100 20 106
5.117 19 107
5.117 18 108
5.133 19 108
5.133 20 108
5.150 19 109
5.167 20 109
5.267 19 110
5.283 20 110
5.317 19 111
5.317 20 111
5.350 19 112
5.350 18 113
5.367 19 113
5.367 20 113
5.383 19 114
5.383 18 115
5.400 19 115
5.400 20 115
5.450 19 116
5.467 20 116
5.500 19 117
5.500 20 117
5.617 19 118
5.617 18 119
5.617 19 119
5.633 20 119
5.650 19 120
5.650 20 120
5.667 19 121
5.683 20 121
5.700 19 121
5.700 20 121
5.717 19 122
5.733 20 122
5.750 19 122
5.750 20 122
5.800 19 122
5.800 20 122
5.817 19 123
5.817 18 124
5.833 19 124
5.833 20 124
5.850 19 125
5.867 20 125
5.917 19 126
5.917 20 126
6.033 19 127
6.033 20 127
6.133 19 128
6.150 20 128
6.167 19 129
6.167 18 130
6.183 19 130
6.183 20 130
6.200 19 131
6.217 20 131
6.233 19 131
6.233 20 131
6.300 19 132
6.317 20 132
6.333 19 133
6.350 20 133
6.367 19 134
6.367 20 134
6.383 19 135
6.400 20 135
6.433 19 136
6.433 20 136
6.450 19 137
6.450 18 138
6.450 17 138
6.467 18 138
6.467 19 138
6.483 20 138
6.500 19 139
6.500 18 140
6.517 19 140
6.517 20 140
6.533 19 140
6.550 20 140
6.567 19 141
6.567 18 142
6.567 17 143
6.567 16 143
6.567 17 143
6.583 18 143
6.583 19 143
6.600 20 143
6.617 19 144
6.617 20 144
6.633 19 144
6.650 20 144
6.700 19 145
6.700 20 145
6.783 19 146
6.783 18 147
6.783 19 147
6.800 20 147
6.850 19 148
6.850 20 148
6.933 19 149
6.950 20 149
6.967 19 150
6.967 20 150
6.983 19 151
7.000 20 151
7.050 19 152
7.067 20 152
7.083 19 153
7.083 20 153
7.100 19 154
7.117 20 154
7.150 19 155
7.150 20 155
7.167 19 156
7.183 20 156
7.233 19 157
7.233 18 158
7.250 19 158
7.250 20 158
7.367 19 159
7.383 18 160
7.383 19 160
7.400 20 160
7.417 19 161
7.417 18 162
7.417 19 162
7.433 20 162
7.467 19 163
7.467 20 163
7.517 19 163
7.517 18 163
7.517 17 163
7.533 18 163
7.533 19 163
7.550 20 163
7.567 19 164
7.567 18 165
7.567 19 165
7.583 20 165
7.600 19 166
7.600 18 167
7.600 19 167
7.617 20 167
7.633 19 167
7.650 20 167
7.667 19 168
7.667 20 168
7.700 19 168
7.717 20 168
7.733 19 169
7.733 20 169
7.767 19 170
7.783 20 170
7.800 19 171
7.800 20 171
7.817 19 171
7.833 20 171
7.850 19 172
7.850 18 173
7.850 19 173
7.867 20 173
7.883 19 174
7.883 18 174
7.900 19 174
7.900 20 174
8.000 19 174
8.017 20 174
8.033 19 174
8.033 18 175
8.033 19 175
8.050 20 175
8.067 19 176
8.067 20 176
8.117 19 177
8.133 20 177
8.150 19 178
8.150 18 179
8.150 17 180
8.167 18 180
8.167 19 180
8.183 20 180
8.200 19 181
8.200 20 181
8.217 19 182
8.233 20 182
8.317 19 183
8.317 20 183
8.333 19 184
8.350 20 184
8.367 19 185
8.367 18 186
8.367 19 186
8.383 20 186
8.433 19 187
8.433 20 187
8.450 19 188
8.467 20 188
8.750 19 189
8.750 20 189
8.817 19 189
8.817 18 190
8.833 19 190
8.833 20 190
8.867 19 191
8.867 20 191
8.900 19 192
8.900 18 193
8.917 19 193
8.917 20 193
8.933 19 194
8.933 18 195
8.933 17 196
8.950 18 196
8.950 19 196
8.967 20 196
8.983 19 197
8.983 20 197
9.000 19 198
9.017 20 198
9.050 19 199
9.067 20 199
9.083 19 200
9.083 20 200
9.100 19 201
9.100 18 202
9.117 19 202
9.117 20 202
9.133 19 203
9.150 20 203
9.217 19 204
9.217 20 204
9.383 19 205
9.400 20 205
9.417 19 206
9.417 18 207
9.417 19 207
9.433 20 207
9.483 19 208
9.483 20 208
9.533 19 209
9.550 20 209
9.633 19 210
9.633 18 211
9.633 19 211
9.650 20 211
9.667 19 212
9.683 20 212
9.733 19 213
9.733 20 213
9.750 19 214
9.767 20 214
9.833 19 215
9.833 20 215
9.883 19 216
9.883 20 216
9.917 19 217
9.933 20 217
9.950 19 218
9.950 18 219
9.950 19 219
9.967 20 219
10.000 19 219
10.000 20 219
10.017 19 220
10.017 18 221
10.017 17 222
10.033 18 222
10.033 19 222
10.050 20 222
10.067 19 223
10.067 20 223
10.117 19 224
10.117 20 224
10.133 19 225
10.150 20 225
10.217 19 226
10.217 18 227
10.217 19 227
10.233 20 227
10.267 19 227
10.267 20 227
10.300 19 228
10.317 20 228
10.333 19 229
10.333 18 229
10.350 19 229
10.350 20 229
10.367 19 230
10.367 18 231
10.383 19 231
10.383 20 231
10.433 19 232
10.433 18 233
10.450 19 233
10.450 20 233
10.483 19 233
10.500 20 233
10.517 19 234
10.517 20 234
10.583 19 235
10.583 18 236
10.600 19 236
10.600 20 236
10.733 19 237
10.733 20 237
10.767 19 238
10.783 20 238
10.800 19 239
10.800 20 239
10.817 19 240
10.833 20 240
10.917 19 241
10.933 20 241
10.950 19 242
10.950 20 242
10.967 19 243
10.983 20 243
11.000 19 244
11.000 20 244
11.017 19 245
11.033 20 245
11.050 19 245
11.050 18 245
11.067 19 245
11.083 20 245
11.100 19 246
11.100 18 247
11.100 17 248
11.100 18 248
11.117 19 248
11.117 20 248
11.133 19 248
11.133 18 248
11.150 19 248
11.150 20 248
11.267 19 249
11.267 20 249
11.300 19 250
11.317 20 250
11.333 19 251
11.333 20 251
11.350 19 252
11.367 20 252
11.417 19 253
11.433 20 253
11.467 19 254
11.467 20 254
11.533 19 255
11.550 20 255
11.633 19 256
11.633 18 257
11.650 19 257
11.650 20 257
11.667 19 258
11.683 20 258
11.717 19 259
11.717 20 259
11.733 19 260
11.750 20 260
11.767 19 261
11.767 20 261
11.783 19 262
11.800 20 262
11.967 19 263
11.983 20 263
12.017 19 264
12.017 18 265
12.033 19 265
12.033 20 265
12.067 19 266
12.083 20 266
12.250 19 267
12.250 20 267
12.267 19 268
12.283 20 268
12.317 19 268
12.333 20 268
12.350 19 269
12.350 18 270
12.350 17 271
12.350 18 271
12.367 19 271
12.367 20 271
12.383 19 272
12.400 20 272
12.417 19 273
12.417 18 273
12.417 19 273
12.433 20 273
12.450 19 274
12.450 18 275
12.450 19 275
12.467 20 275
12.517 19 275
12.533 20 275
12.567 19 276
12.583 20 276
12.600 19 277
12.600 20 277
12.617 19 278
12.617 18 279
12.633 19 279
12.633 20 279
12.650 19 280
12.650 18 280
12.650 17 280
12.650 16 280
12.667 17 280
12.683 18 280
12.683 19 280
12.700 20 280
12.733 19 281
12.733 20 281
12.750 19 282
12.767 20 282
12.917 19 283
12.917 18 284
12.933 19 284
12.933 20 284
12.983 19 285
13.000 20 285
13.067 19 286
13.067 20 286
13.083 19 287
13.100 20 287
13.167 19 288
13.183 20 288
13.200 19 289
13.200 18 290
13.200 19 290
13.217 20 290
13.233 19 290
13.233 18 291
13.233 17 291
13.233 18 291
13.250 19 291
13.250 20 291
13.267 19 292
13.283 20 292
13.300 19 293
13.317 20 293
13.333 19 294
13.333 20 294
13.350 19 295
13.367 20 295
13.383 19 296
13.383 20 296
13.450 19 297
13.467 20 297
13.483 19 298
13.483 18 299
13.483 19 299
13.500 20 299
13.517 19 300
13.517 20 300
13.600 19 301
13.600 20 301
13.700 19 302
13.717 20 302
13.733 19 303
13.750 20 303
13.767 19 304
13.767 20 304
13.783 19 305
13.783 18 306
13.800 19 306
13.800 20 306
13.850 19 307
13.850 18 308
13.867 19 308
13.867 20 308
13.883 19 309
13.900 20 309
13.917 19 310
13.917 20 310
13.950 19 311
13.967 20 311
13.983 19 312
14.000 20 312
14.033 19 313
14.033 18 314
14.033 18 314
14.100 17 315
14.133 16 316
14.150 15 317
14.167 14 318
14.317 13 319
14.367 12 320
14.417 11 321
14.433 10 322
14.467 9 323
14.483 8 324
14.517 7 324
14.517 6 325
14.567 7 325
14.583 6 326
14.667 5 327
14.750 4 328
14.767 3 329
14.800 2 330
15.483 1 331
15.733 2 331
15.733 3 331
15.750 4 331
15.817 3 332
16.083 2 333
16.267 1 334
17.167 0 335
17.183 0 335
17.200 1 335
17.200 2 335
17.217 3 335
17.217 4 335
17.233 5 335
17.233 6 335
17.250 7 335
17.250 8 335
17.267 9 335
17.267 10 335
17.283 11 335
17.283 12 335
17.300 13 335
17.300 14 335
17.317 15 335
17.317 16 335
17.333 17 335
17.333 18 335
17.350 19 335
17.350 20 335
17.717 19 336
17.717 18 337
17.717 19 337
17.733 20 337
17.767 19 338
17.767 20 338
17.800 19 339
17.817 20 339
17.867 19 340
17.867 20 340
17.883 19 341
17.883 18 342
17.900 19 342
17.900 20 342
17.933 19 343
17.950 20 343
17.967 19 344
17.983 20 344
18.000 19 345
18.000 20 345
18.017 19 346
18.033 20 346
18.050 19 347
18.050 18 348
18.050 19 348
18.067 20 348
18.083 19 349
18.083 20 349
18.133 19 350
18.150 20 350
18.233 19 351
18.250 20 351
18.267 19 352
18.267 20 352
18.283 19 353
18.283 18 354
18.300 19 354
18.300 20 354
18.350 19 355
18.367 20 355
18.400 19 356
18.400 20 356
18.433 19 357
18.433 20 357
18.467 19 358
18.467 18 359
18.483 19 359
18.483 20 359
18.500 19 360
18.517 20 360
18.600 19 361
18.600 18 362
18.600 19 362
18.617 20 362
18.633 19 363
18.633 18 364
18.633 19 364
18.650 20 364
18.667 19 365
18.667 20 365
18.683 19 366
18.700 20 366
18.767 19 367
18.783 20 367
18.867 19 368
18.867 20 368
18.883 19 369
18.883 18 370
18.900 19 370
18.900 20 370
18.917 19 371
18.933 20 371
18.967 19 371
18.983 20 371
19.000 19 372
19.000 20 372
19.017 19 373
19.033 20 373
19.050 19 374
19.050 20 374
19.067 19 375
19.083 20 375
19.133 19 375
19.133 20 375
19.150 19 376
19.167 20 376
19.183 19 377
19.183 20 377
19.200 19 378
19.200 18 379
19.200 17 380
19.217 18 380
19.217 19 380
19.233 20 380
19.267 19 381
19.283 20 381
19.300 19 382
19.300 18 383
19.300 19 383
19.317 20 383
19.333 19 384
19.333 20 384
19.417 19 385
19.433 20 385
19.450 19 386
19.450 20 386
19.467 19 387
19.483 20 387
19.500 19 388
19.517 20 388
19.533 19 389
19.533 18 390
19.533 19 390
19.550 20 390
19.600 19 391
19.600 18 392
19.600 19 392
19.617 20 392
19.633 19 393
19.633 18 394
19.633 19 394
19.650 20 394
19.767 19 395
19.783 20 395
19.800 19 396
19.800 20 396
19.817 19 397
19.817 18 398
19.833 19 398
19.833 20 398
19.933 19 399
19.950 20 399
20.000 19 400
20.000 18 401
20.000 19 401
20.017 20 401
20.033 19 402
20.033 20 402
20.067 19 403
20.067 20 403
20.100 19 404
20.100 18 405
20.117 19 405
20.117 20 405
20.133 19 406
20.150 20 406
20.183 19 407
20.183 20 407
20.200 19 408
20.217 20 408
20.250 19 409
20.250 20 409
20.267 19 410
20.267 18 411
20.283 19 411
20.283 20 411
20.300 19 412
20.300 18 413
20.317 19 413
20.317 20 413
20.450 19 414
20.450 18 415
20.450 19 415
20.467 20 415
20.533 19 416
20.533 18 417
20.533 17 418
20.533 18 418
20.550 19 418
20.550 20 418
20.650 19 419
20.650 20 419
20.667 19 420
20.683 20 420
20.700 19 421
20.700 20 421
20.717 19 422
20.733 20 422
20.750 19 423
20.750 20 423
20.767 19 424
20.783 20 424
20.950 19 425
20.967 20 425
21.000 19 426
21.000 20 426
21.033 19 427
21.033 18 427
21.033 17 428
21.050 18 428
21.050 19 428
21.067 20 428
21.083 19 429
21.083 18 430
21.083 19 430
21.100 20 430
21.117 19 431
21.133 20 431
21.150 19 432
21.150 20 432
21.200 19 433
21.200 18 434
21.217 19 434
21.217 20 434
21.233 19 435
21.250 20 435
21.283 19 436
21.283 20 436
21.300 19 437
21.317 20 437
21.500 19 438
21.517 20 438
21.600 19 439
21.617 20 439
21.667 19 440
21.683 20 440
21.700 19 441
21.700 18 442
21.700 19 442
21.717 20 442
21.750 19 443
21.750 20 443
21.783 19 444
21.783 18 445
21.800 19 445
21.800 20 445
21.817 19 446
21.833 20 446
21.850 19 447
21.850 20 447
21.883 19 448
21.883 18 449
21.883 19 449
21.900 20 449
21.933 19 450
21.933 20 450
21.950 19 451
21.967 20 451
22.017 19 452
22.017 20 452
22.033 19 453
22.050 20 453
22.067 19 454
22.083 20 454
22.117 19 455
22.117 20 455
22.133 19 456
22.150 20 456
22.267 19 457
22.267 20 457
22.367 19 458
22.367 20 458
22.400 19 459
22.417 20 459
22.433 19 460
22.433 20 460
22.450 19 461
22.467 20 461
22.533 19 462
22.533 18 463
22.550 19 463
22.550 20 463
22.567 19 464
22.567 18 465
22.567 17 466
22.567 16 467
22.583 17 467
22.583 18 467
22.600 19 467
22.600 20 467
22.633 19 468
22.633 18 469
22.650 19 469
22.650 20 469
22.667 19 470
22.683 20 470
22.717 19 470
22.733 20 470
22.750 19 471
22.750 20 471
22.767 19 472
22.783 20 472
22.800 19 473
22.800 20 473
22.850 19 473
22.867 20 473
22.883 19 474
22.883 20 474
22.950 19 475
22.950 20 475
22.967 19 476
22.983 20 476
23.017 19 477
23.017 20 477
23.100 19 478
23.117 20 478
23.133 19 479
23.133 18 480
23.133 17 481
23.133 18 481
23.150 19 481
23.150 20 481
23.183 19 482
23.183 18 483
23.183 19 483
23.200 20 483
23.250 19 484
23.250 18 485
23.250 19 485
23.267 20 485
23.283 19 486
23.283 18 487
23.283 19 487
23.300 20 487
23.350 19 488
23.350 20 488
23.417 19 489
23.433 20 489
23.483 19 490
23.500 20 490
23.533 19 491
23.533 20 491
23.567 19 492
23.583 20 492
23.600 19 493
23.600 20 493
23.700 19 494
23.700 20 494
23.717 19 495
23.733 20 495
23.783 19 496
23.783 20 496
23.800 19 497
23.817 20 497
23.867 19 498
23.867 18 499
23.883 19 499
23.883 20 499
23.900 19 500
23.900 18 501
23.917 19 501
23.917 20 501
23.933 19 502
23.933 18 502
23.950 19 502
23.950 20 502
23.967 19 503
23.967 18 504
23.983 19 504
23.983 20 504
24.017 19 505
24.033 20 505
24.050 19 505
24.067 20 505
24.083 19 506
24.083 18 507
24.083 19 507
24.100 20 507
24.133 19 508
24.133 20 508
24.150 19 509
24.150 18 510
24.167 19 510
24.167 20 510
24.183 19 510
24.200 20 510
24.233 19 511
24.233 20 511
24.350 19 512
24.350 20 512
24.383 19 513
24.400 20 513
24.450 19 514
24.450 20 514
24.467 19 515
24.483 20 515
24.500 19 516
24.500 20 516
24.583 19 517
24.583 20 517
24.617 19 518
24.633 20 518
24.683 19 519
24.683 18 520
24.683 17 521
24.683 18 521
24.700 19 521
24.700 20 521
24.717 19 522
24.717 18 523
24.733 19 523
24.733 20 523
24.850 19 524
24.850 18 525
24.850 17 526
24.850 16 527
24.850 15 528
24.850 16 528
24.867 17 528
24.867 18 528
24.883 19 528
24.883 20 528
24.933 19 528
24.933 20 528
25.017 19 529
25.033 20 529
25.050 19 530
25.050 18 531
25.050 19 531
25.067 20 531
25.133 19 532
25.150 20 532
25.167 19 533
25.167 20 533
25.183 19 534
25.200 20 534
25.267 19 535
25.267 20 535
25.283 19 536
25.300 20 536
25.317 19 537
25.333 20 537
25.350 19 538
25.350 20 538
25.367 19 539
25.383 20 539
25.400 19 540
25.400 20 540
25.417 19 541
25.417 18 542
25.433 19 542
25.433 20 542
25.467 19 543
25.483 20 543
25.517 19 544
25.517 20 544
25.533 19 545
25.533 18 546
25.550 19 546
25.550 20 546
25.583 19 546
25.583 18 546
25.583 19 546
25.600 20 546
25.633 19 547
25.633 20 547
25.667 19 548
25.667 18 549
25.683 19 549
25.683 20 549
25.733 19 550
25.750 20 550
25.850 19 551
25.867 20 551
25.883 19 552
25.883 20 552
25.917 19 553
25.933 20 553
25.967 19 554
25.967 20 554
26.017 19 555
26.033 20 555
26.067 19 556
26.083 20 556
26.100 19 557
26.100 18 558
26.100 19 558
26.117 20 558
26.133 19 559
26.133 20 559
26.150 19 560
26.150 18 561
26.150 17 562
26.167 18 562
26.167 19 562
26.183 20 562
26.250 19 562
26.267 20 562
26.400 19 563
26.400 18 564
26.417 19 564
26.417 20 564
26.467 19 565
26.467 18 565
26.467 17 566
26.483 18 566
26.483 19 566
26.500 20 566
26.517 19 567
26.517 18 568
26.517 19 568
26.533 20 568
26.550 19 569
26.550 18 570
26.550 19 570
26.567 20 570
26.583 19 571
26.583 18 572
26.600 19 572
26.600 20 572
26.617 19 573
26.617 18 574
26.617 17 575
26.633 18 575
26.633 19 575
26.650 20 575
26.667 19 575
26.667 20 575
26.733 19 576
26.733 18 577
26.750 19 577
26.750 20 577
26.767 19 578
26.767 18 579
26.783 19 579
26.783 20 579
26.800 19 580
26.800 18 581
26.817 19 581
26.817 20 581
26.833 19 582
26.833 18 582
26.850 19 582
26.850 20 582
26.883 19 583
26.900 20 583
27.000 19 584
27.017 20 584
27.050 19 585
27.050 20 585
27.083 19 586
27.083 18 587
27.100 19 587
27.100 20 587
27.200 19 588
27.217 20 588
27.250 19 589
27.250 20 589
27.267 19 590
27.267 18 591
27.283 19 591
27.283 20 591
27.317 19 592
27.317 20 592
27.333 19 593
27.333 18 594
27.350 19 594
27.350 20 594
27.383 19 595
27.400 20 595
27.417 19 596
27.417 18 597
27.417 19 597
27.433 20 597
27.450 19 598
27.450 18 599
27.450 17 600
27.450 16 601
27.450 17 601
27.467 18 601
27.467 19 601
27.483 20 601
27.500 19 602
27.500 20 602
27.517 19 603
27.533 20 603
27.550 19 604
27.550 18 605
27.550 19 605
27.567 20 605
27.667 19 606
27.683 20 606
27.717 19 607
27.717 18 608
27.717 19 608
27.733 20 608
27.750 19 609
27.750 20 609
27.800 19 610
27.817 20 610
27.867 19 611
27.867 20 611
27.900 19 612
27.900 18 613
27.917 19 613
27.917 20 613
27.950 19 614
27.967 20 614
28.000 19 615
28.017 20 615
28.033 19 616
28.033 18 617
28.033 19 617
28.050 20 617
28.100 19 617
28.100 18 617
28.117 19 617
28.133 20 617
28.183 19 618
28.183 20 618
28.200 19 619
28.200 18 620
28.200 17 621
28.217 18 621
28.217 19 621
28.233 20 621
28.250 19 622
28.250 20 622
28.283 19 623
28.283 20 623
28.300 19 624
28.317 20 624
28.333 19 625
28.333 20 625
28.350 19 626
28.367 20 626
28.483 19 627
28.483 18 628
28.500 19 628
28.500 20 628
28.517 19 629
28.517 18 630
28.517 17 631
28.533 18 631
28.533 19 631
28.550 20 631
28.567 19 632
28.567 18 633
28.567 17 634
28.567 18 634
28.583 19 634
28.583 20 634
28.650 19 635
28.667 20 635
28.717 19 636
28.717 20 636
28.750 19 637
28.750 20 637
28.817 19 638
28.833 20 638
28.917 19 639
28.917 18 640
28.917 19 640
28.933 20 640
28.950 19 641
28.950 20 641
28.983 19 642
28.983 20 642
29.000 19 643
29.017 20 643
29.067 19 644
29.067 20 644
29.100 19 645
29.117 20 645
29.133 19 645
29.133 18 646
29.133 19 646
29.150 20 646
29.167 19 647
29.167 18 648
29.167 17 649
29.183 18 649
29.183 19 649
29.200 20 649
29.217 19 650
29.217 18 651
29.217 19 651
29.233 20 651
29.317 19 652
29.317 20 652
29.333 19 653
29.333 18 654
29.350 19 654
29.350 20 654
29.367 19 655
29.383 20 655
29.433 19 656
29.433 18 657
29.450 19 657
29.450 20 657
29.533 19 658
29.550 20 658
29.567 19 659
29.567 20 659
29.583 19 660
29.600 20 660
29.617 19 661
29.617 20 661
29.633 19 662
29.650 20 662
29.683 19 663
29.683 18 664
29.683 19 664
29.700 20 664
29.717 19 665
29.717 18 666
29.717 19 666
29.733 20 666
29.783 19 666
29.783 18 666
29.800 19 666
29.800 20 666
29.817 19 667
29.817 18 668
29.833 19 668
29.833 20 668
29.850 19 669
29.867 20 669
29.967 19 670
29.967 18 671
29.983 19 671
29.983 20 671
30.000 19 672
30.000 18 673
30.017 19 673
30.017 20 673
30.033 19 674
30.050 20 674
30.067 19 675
30.067 20 675
30.117 19 676
30.133 20 676
30.150 19 676
30.150 18 677
30.150 19 677
30.167 20 677
30.183 19 678
30.183 20 678
30.200 19 679
30.200 18 680
30.200 17 681
30.217 18 681
30.217 19 681
30.233 20 681
30.250 19 682
30.250 20 682
30.333 19 682
30.333 18 682
30.333 17 682
30.333 18 682
30.350 19 682
30.350 20 682
30.433 19 683
30.450 20 683
30.467 19 683
30.467 18 684
30.467 19 684
30.483 20 684
30.500 19 685
30.500 20 685
30.533 19 686
30.550 20 686
30.567 19 687
30.567 18 687
30.583 19 687
30.583 20 687
30.600 19 688
30.617 20 688
30.633 19 688
30.633 20 688
30.650 19 689
30.667 20 689
30.683 19 690
30.683 18 691
30.683 19 691
30.700 20 691
30.767 19 692
30.767 20 692
30.783 19 693
30.783 18 694
30.800 19 694
30.800 20 694
30.850 19 695
30.850 20 695
30.867 19 696
30.883 20 696
30.917 19 697
30.917 18 698
30.917 17 699
30.917 18 699
30.933 19 699
30.933 20 699
30.950 19 700
30.967 20 700
31.000 19 701
31.000 20 701
31.017 19 701
31.033 20 701
31.133 19 701
31.150 20 701
31.167 19 702
31.167 20 702
31.183 19 703
31.200 20 703
31.217 19 704
31.217 18 705
31.217 19 705
31.233 20 705
31.250 19 706
31.250 18 707
31.250 19 707
31.267 20 707
31.300 19 708
31.300 20 708
31.367 19 708
31.367 20 708
31.400 19 709
31.417 20 709
31.433 19 710
31.433 18 711
31.433 19 711
31.450 20 711
31.500 19 712
31.500 18 713
31.500 19 713
31.517 20 713
31.533 19 714
31.533 20 714
31.567 19 715
31.567 18 716
31.567 19 716
31.583 20 716
31.600 19 717
31.600 20 717
31.650 19 718
31.667 20 718
31.683 19 719
31.683 20 719
31.717 19 720
31.733 20 720
31.767 19 720
31.767 20 720
31.833 19 721
31.833 20 721
31.867 19 722
31.883 20 722
31.917 19 723
31.917 20 723
31.933 19 724
31.950 20 724
31.983 19 725
32.000 20 725
32.067 19 726
32.067 20 726
32.083 19 727
32.100 20 727
32.117 19 728
32.117 18 729
32.117 19 729
32.133 20 729
32.167 19 730
32.167 20 730
32.250 19 731
32.250 20 731
32.283 19 732
32.300 20 732
32.317 19 733
32.317 20 733
32.333 19 734
32.350 20 734
32.367 19 735
32.367 20 735
32.433 19 736
32.433 20 736
32.450 19 737
32.467 20 737
32.483 19 738
32.483 18 739
32.483 19 739
32.500 20 739
32.533 19 739
32.533 20 739
32.567 19 740
32.567 18 741
32.583 19 741
32.583 20 741
32.600 19 742
32.600 18 743
32.600 17 744
32.617 18 744
32.617 19 744
32.633 20 744
32.667 19 745
32.667 18 746
32.683 19 746
32.683 20 746
32.733 19 747
32.750 20 747
32.783 19 748
32.783 20 748
32.817 19 749
32.833 20 749
32.883 19 750
32.883 20 750
32.900 19 751
32.917 20 751
32.950 19 752
32.950 20 752
33.000 19 753
33.000 20 753
33.017 19 754
33.033 20 754
33.100 19 755
33.100 20 755
33.133 19 756
33.150 20 756
33.183 19 757
33.183 20 757
33.250 19 758
33.250 18 758
33.250 19 758
33.267 20 758
33.283 19 759
33.283 18 760
33.283 19 760
33.300 20 760
33.333 19 761
33.333 20 761
33.350 19 762
33.367 20 762
33.383 19 763
33.383 20 763
33.400 19 763
33.400 18 764
33.417 19 764
33.417 20 764
33.533 19 765
33.533 20 765
33.550 19 766
33.567 20 766
33.617 19 767
33.617 18 768
33.617 19 768
33.633 20 768
33.683 19 769
33.683 20 769
33.767 19 770
33.767 20 770
33.817 19 771
33.817 18 772
33.833 19 772
33.833 20 772
33.900 19 773
33.900 20 773
33.933 19 774
33.950 20 774
33.967 19 775
33.967 20 775
33.983 19 776
33.983 18 777
34.000 19 777
34.000 20 777
34.017 19 778
34.033 20 778
34.050 19 778
34.050 18 778
34.050 17 778
34.050 16 778
34.050 17 778
34.067 18 778
34.067 19 778
34.083 20 778
34.133 19 779
34.150 20 779
34.250 19 780
34.250 18 781
34.267 19 781
34.267 20 781
34.317 19 782
34.333 20 782
34.350 19 783
34.350 20 783
34.400 19 784
34.417 20 784
34.533 19 785
34.550 20 785
34.567 19 786
34.567 20 786
34.617 19 787
34.617 18 788
34.617 17 789
34.633 18 789
34.633 19 789
34.650 20 789
34.667 19 790
34.667 18 791
34.667 19 791
34.683 20 791
34.700 19 792
34.700 18 793
34.700 19 793
34.717 20 793
34.800 19 794
34.817 20 794
34.833 19 795
34.833 20 795
34.883 19 796
34.900 20 796
34.917 19 797
34.917 18 797
34.933 19 797
34.933 20 797
34.967 19 798
34.983 20 798
35.000 19 799
35.000 20 799
35.067 19 800
35.083 20 800
35.117 19 800
35.133 20 800
35.217 19 801
35.217 20 801
35.250 19 802
35.250 20 802
35.267 19 802
35.267 18 802
35.267 17 802
35.283 18 802
35.283 19 802
35.300 20 802
35.317 19 803
35.317 20 803
35.333 19 804
35.350 20 804
35.383 19 805
35.383 20 805
35.450 19 806
35.450 20 806
35.467 19 807
35.467 18 808
35.467 17 809
35.483 18 809
35.483 19 809
35.500 20 809
35.517 19 810
35.517 20 810
35.533 19 811
35.533 18 812
35.550 19 812
35.550 20 812
35.567 19 813
35.567 18 814
35.583 19 814
35.583 20 814
35.633 19 815
35.650 18 816
35.800 17 817
35.833 16 818
35.867 15 819
35.950 14 819
35.950 13 819
35.967 12 820
35.983 11 821
35.983 10 822
36.000 11 822
36.000 12 822
36.067 11 823
36.133 10 824
36.150 9 824
36.217 10 824
36.300 9 824
36.383 10 824
36.400 9 825
36.467 8 826
36.483 7 827
36.517 6 828
36.550 5 829
36.683 4 830
36.750 3 831
36.767 2 832
36.783 1 833
37.150 0 833
37.183 1 833
38.550 0 833
38.633 1 833
38.650 0 834
38.667 1 834
38.950 0 835
