hours inflight done
0.017 1 0
0.017 2 0
0.033 3 0
0.033 4 0
0.050 5 0
0.050 6 0
0.067 7 0
0.067 8 0
0.083 9 0
0.083 10 0
0.100 11 0
0.100 12 0
0.117 13 0
0.117 14 0
0.133 15 0
0.133 16 0
0.150 17 0
0.150 18 0
0.167 19 0
0.167 20 0
0.883 19 1
0.900 20 1
0.917 19 2
0.933 20 2
1.083 19 3
1.100 20 3
1.117 19 4
1.117 18 5
1.117 19 5
1.133 20 5
1.150 19 6
1.150 18 7
1.150 17 8
1.150 16 9
1.167 17 9
1.167 18 9
1.183 19 9
1.183 20 9
1.200 19 10
1.200 18 11
1.200 17 12
1.217 18 12
1.217 19 12
1.233 20 12
1.250 19 13
1.250 20 13
1.267 19 14
1.267 18 15
1.283 19 15
1.283 20 15
1.300 19 16
1.317 20 16
1.350 19 17
1.367 20 17
1.383 19 18
1.383 20 18
1.467 19 19
1.483 20 19
1.783 19 20
1.783 20 20
1.883 19 21
1.883 20 21
2.000 19 22
2.000 20 22
2.067 19 23
2.067 20 23
2.083 19 24
2.100 20 24
2.117 19 25
2.133 20 25
2.150 19 26
2.150 18 27
2.150 19 27
2.167 20 27
2.217 19 28
2.233 20 28
2.267 19 29
2.267 18 30
2.283 19 30
2.283 20 30
2.300 19 31
2.317 20 31
2.333 19 32
2.333 20 32
2.350 19 33
2.367 20 33
2.400 19 34
2.417 20 34
2.433 19 35
2.433 20 35
2.450 19 36
2.467 20 36
2.483 19 37
2.483 20 37
2.600 19 38
2.600 20 38
2.633 19 39
2.650 20 39
2.833 19 40
2.850 20 40
2.867 19 41
2.867 20 41
2.900 19 42
2.917 20 42
3.067 19 43
3.067 18 44
3.067 19 44
3.083 20 44
3.133 19 45
3.133 20 45
3.217 19 46
3.217 20 46
3.233 19 47
3.233 18 48
3.250 19 48
3.250 20 48
3.283 19 49
3.283 20 49
3.317 19 50
3.317 18 51
3.333 19 51
3.333 20 51
3.350 19 52
3.367 20 52
3.400 19 53
3.417 20 53
3.500 19 54
3.500 20 54
3.517 19 55
3.533 20 55
3.550 19 56
3.550 18 57
3.550 19 57
3.567 20 57
3.617 19 57
3.617 18 57
3.617 17 57
3.617 16 57
3.617 15 57
3.617 14 57
3.617 13 57
3.617 12 57
3.617 11 57
3.617 10 57
3.617 9 57
3.617 8 57
3.633 7 57
3.633 6 57
3.633 5 57
3.633 4 57
3.633 3 57
3.633 2 57
3.633 1 57
3.633 0 57
3.633 1 57
3.650 2 57
3.650 3 57
3.667 4 57
3.667 5 57
3.683 6 57
3.683 7 57
3.700 8 57
3.700 9 57
3.717 10 57
3.717 11 57
3.733 12 57
3.733 13 57
3.750 14 57
3.750 15 57
3.767 16 57
3.767 17 57
3.783 18 57
3.783 19 57
3.800 20 57
4.450 19 57
4.450 18 57
4.450 17 57
4.467 18 57
4.467 19 57
4.483 20 57
4.517 19 57
4.533 20 57
4.600 19 58
4.617 20 58
4.633 19 59
4.633 18 60
4.633 19 60
4.650 20 60
4.667 19 61
4.683 20 61
4.750 19 62
4.767 20 62
4.817 19 63
4.817 20 63
4.900 19 64
4.900 20 64
4.933 19 65
4.933 18 66
4.933 17 67
4.933 18 67
4.950 19 67
4.950 20 67
4.967 19 68
4.967 18 69
4.967 17 70
4.983 18 70
4.983 19 70
5.000 20 70
5.017 19 71
5.017 18 72
5.017 19 72
5.033 20 72
5.050 19 73
5.050 18 74
5.050 17 74
5.050 18 74
5.067 19 74
5.067 20 74
5.117 19 75
5.117 20 75
5.183 19 76
5.200 20 76
5.283 19 76
5.300 20 76
5.383 19 77
5.383 20 77
5.450 19 78
5.450 20 78
5.483 19 79
5.500 20 79
5.567 19 80
5.567 20 80
5.667 19 81
5.667 20 81
5.700 19 82
5.700 18 83
5.717 19 83
5.717 20 83
5.833 19 84
5.833 20 84
5.850 19 85
5.850 18 86
5.867 19 86
5.867 20 86
5.933 19 87
5.933 20 87
5.950 19 88
5.967 20 88
6.017 19 89
6.033 20 89
6.050 19 90
6.050 20 90
6.183 19 91
6.200 20 91
6.217 19 92
6.217 20 92
6.233 19 93
6.233 18 94
6.250 19 94
6.250 20 94
6.267 19 95
6.283 20 95
6.300 19 96
6.300 18 96
6.300 19 96
6.317 20 96
6.333 19 97
6.350 20 97
6.650 19 98
6.650 20 98
6.667 19 99
6.683 20 99
6.750 19 100
6.767 20 100
6.800 19 101
6.800 20 101
7.283 19 102
7.300 20 102
7.333 19 103
7.333 20 103
7.350 19 104
7.350 18 105
7.367 19 105
7.367 20 105
7.550 19 106
7.550 20 106
7.567 19 107
7.583 20 107
7.617 19 108
7.633 20 108
7.833 19 109
7.833 18 110
7.850 19 110
7.850 20 110
7.867 19 111
7.867 18 112
7.867 17 113
7.883 18 113
7.883 19 113
7.900 20 113
8.033 19 114
8.033 20 114
8.050 19 115
8.067 20 115
8.083 19 116
8.083 20 116
8.167 19 117
8.167 20 117
8.200 19 118
8.217 20 118
8.567 19 119
8.567 20 119
8.667 19 120
8.667 20 120
8.683 19 120
8.700 20 120
8.750 19 121
8.767 20 121
8.817 19 122
8.833 20 122
8.950 19 123
8.950 20 123
8.967 19 124
8.983 20 124
9.000 19 125
9.017 20 125
9.083 19 126
9.100 20 126
9.117 19 127
9.117 20 127
9.167 19 128
9.183 18 129
9.183 19 129
9.200 20 129
9.217 19 130
9.217 20 130
9.250 19 131
9.267 20 131
9.317 19 132
9.317 18 133
9.317 19 133
9.333 20 133
9.350 19 134
9.367 20 134
9.533 19 135
9.550 20 135
9.667 19 136
9.683 20 136
9.733 19 136
9.750 20 136
9.767 19 137
9.767 20 137
9.800 19 138
9.817 20 138
9.900 19 139
9.917 20 139
9.933 19 140
9.950 20 140
10.000 19 140
10.000 18 140
10.000 19 140
10.017 20 140
10.183 19 141
10.200 20 141
10.217 19 142
10.217 20 142
10.267 19 143
10.283 20 143
10.300 19 144
10.317 20 144
10.333 19 145
10.333 20 145
10.367 19 146
10.367 18 147
10.383 19 147
10.383 20 147
10.400 19 147
10.417 20 147
10.450 19 148
10.467 20 148
10.483 19 149
10.483 20 149
10.617 19 150
10.617 20 150
10.650 19 151
10.667 20 151
10.833 19 152
10.833 20 152
10.883 19 153
10.883 20 153
10.933 19 154
10.933 18 155
10.933 17 156
10.950 18 156
10.950 19 156
10.967 20 156
11.067 19 157
11.083 20 157
11.100 19 158
11.100 20 158
11.150 19 159
11.150 20 159
11.167 19 160
11.183 20 160
11.217 19 161
11.217 18 161
11.217 19 161
11.233 20 161
11.317 19 162
11.317 18 163
11.333 19 163
11.333 20 163
11.433 19 163
11.433 20 163
11.500 19 164
11.500 18 165
11.500 19 165
11.517 20 165
11.533 19 166
11.533 18 167
11.533 19 167
11.550 20 167
11.633 19 168
11.633 20 168
11.700 19 169
11.700 20 169
11.717 19 170
11.733 20 170
11.783 19 171
11.783 20 171
11.850 19 172
11.850 20 172
12.017 19 173
12.033 20 173
12.050 19 174
12.050 20 174
12.083 19 175
12.100 20 175
12.133 19 176
12.150 20 176
12.167 19 177
12.167 18 178
12.167 19 178
12.183 20 178
12.200 19 179
12.200 20 179
12.217 19 180
12.233 20 180
12.300 19 181
12.317 20 181
12.350 19 182
12.350 20 182
12.433 19 183
12.433 18 184
12.433 19 184
12.450 20 184
12.483 19 185
12.483 20 185
13.333 19 186
13.350 20 186
14.183 19 187
14.200 20 187
14.217 19 188
14.217 20 188
14.317 19 188
14.333 20 188
14.350 19 189
14.350 18 190
14.350 19 190
14.367 20 190
14.383 19 191
14.383 18 192
14.400 19 192
14.400 20 192
14.433 19 193
14.450 20 193
14.467 19 194
14.467 18 195
14.467 19 195
14.483 20 195
14.500 19 196
14.500 18 197
14.517 19 197
14.517 20 197
14.533 19 198
14.533 18 199
14.550 19 199
14.550 20 199
14.583 19 200
14.583 18 201
14.583 17 202
14.600 18 202
14.600 19 202
14.617 20 202
14.633 19 203
14.633 18 204
14.633 19 204
14.650 20 204
15.067 19 205
15.083 20 205
15.100 19 206
15.100 20 206
15.133 19 207
15.150 20 207
15.167 19 208
15.167 20 208
15.233 19 209
15.233 20 209
15.367 19 210
15.367 20 210
15.433 19 211
15.433 20 211
15.483 19 212
15.483 18 213
15.483 19 213
15.500 20 213
15.517 19 214
15.517 20 214
15.583 19 215
15.583 18 216
15.583 17 217
15.583 18 217
15.600 19 217
15.600 20 217
15.617 19 218
15.617 18 219
15.633 19 219
15.633 20 219
15.650 19 220
15.650 18 221
15.667 19 221
15.667 20 221
15.733 19 222
15.750 20 222
15.783 19 223
15.800 20 223
15.933 19 224
15.933 20 224
16.067 19 225
16.083 20 225
16.150 19 225
16.150 20 225
16.183 19 226
16.200 20 226
16.233 19 227
16.250 20 227
16.267 19 228
16.267 20 228
16.383 19 228
16.383 20 228
16.683 19 229
16.683 18 229
16.683 19 229
16.700 20 229
16.717 19 230
16.717 20 230
16.733 19 230
16.733 18 231
16.733 17 231
16.750 18 231
16.750 19 231
16.767 20 231
16.783 19 232
16.783 18 233
16.783 19 233
16.800 20 233
16.850 19 234
16.867 20 234
16.917 19 235
16.933 20 235
16.983 19 236
16.983 20 236
17.033 19 237
17.033 18 238
17.033 19 238
17.050 20 238
17.067 19 239
17.067 20 239
17.083 19 240
17.100 20 240
17.217 19 241
17.217 18 242
17.233 19 242
17.233 20 242
17.250 19 243
17.267 20 243
17.283 19 244
17.300 20 244
17.317 19 245
17.317 20 245
17.567 19 246
17.583 20 246
17.600 19 247
17.600 18 248
17.600 19 248
17.617 20 248
17.683 19 248
17.700 20 248
17.767 19 249
17.783 20 249
17.817 19 250
17.833 20 250
17.867 19 251
17.867 20 251
17.883 19 252
17.900 20 252
17.917 19 253
17.933 20 253
17.983 19 254
17.983 20 254
18.000 19 255
18.017 20 255
18.033 19 256
18.033 20 256
18.117 19 257
18.117 20 257
18.133 19 258
18.150 20 258
18.167 19 259
18.183 20 259
18.233 19 260
18.233 20 260
18.317 19 260
18.317 20 260
18.350 19 261
18.350 18 262
18.367 19 262
18.367 20 262
18.483 19 263
18.483 20 263
18.500 19 264
18.517 20 264
18.617 19 265
18.633 20 265
18.717 19 266
18.733 20 266
18.767 19 267
18.783 20 267
18.800 19 268
18.800 20 268
18.817 19 269
18.817 18 270
18.833 19 270
18.833 20 270
18.850 19 271
18.867 20 271
18.883 19 272
18.883 20 272
19.000 19 273
19.017 20 273
19.033 19 274
19.033 20 274
19.050 19 275
19.067 20 275
19.150 19 276
19.167 20 276
19.250 19 277
19.267 20 277
19.283 19 278
19.283 20 278
19.317 19 279
19.333 20 279
19.350 19 280
19.350 20 280
19.417 19 281
19.417 20 281
19.467 19 282
19.483 20 282
19.550 19 283
19.567 20 283
19.617 19 284
19.633 20 284
19.667 19 285
19.667 18 286
19.667 17 287
19.667 18 287
19.683 19 287
19.683 20 287
19.700 19 288
19.700 18 289
19.717 19 289
19.717 20 289
19.833 19 290
19.833 20 290
19.850 19 291
19.850 18 292
19.867 19 292
19.867 20 292
19.883 19 293
19.900 20 293
19.917 19 294
19.917 20 294
19.983 19 295
19.983 20 295
20.167 19 296
20.167 20 296
20.183 19 297
20.200 20 297
20.283 19 298
20.300 20 298
20.400 19 299
20.400 18 300
20.417 19 300
20.417 20 300
20.433 19 301
20.450 20 301
20.467 19 302
20.483 20 302
20.517 19 303
20.517 20 303
20.567 19 304
20.567 20 304
20.683 19 305
20.683 20 305
20.700 19 306
20.700 18 307
20.717 19 307
20.717 20 307
20.733 19 308
20.750 20 308
20.817 19 309
20.833 20 309
20.850 19 310
20.850 20 310
20.950 19 311
20.950 18 312
20.950 19 312
20.967 20 312
21.083 19 313
21.100 20 313
21.117 19 313
21.117 18 313
21.117 17 313
21.117 16 313
21.117 15 313
21.133 16 313
21.133 17 313
21.150 18 313
21.150 19 313
21.167 20 313
21.183 19 314
21.183 18 315
21.183 17 316
21.183 16 316
21.183 17 316
21.200 18 316
21.200 19 316
21.217 20 316
21.250 19 317
21.250 20 317
21.267 19 318
21.283 20 318
21.300 19 319
21.317 20 319
21.350 19 320
21.350 20 320
21.500 19 321
21.500 20 321
21.717 19 322
21.733 20 322
21.750 19 323
21.750 20 323
21.817 19 324
21.833 20 324
21.850 19 325
21.850 18 326
21.850 19 326
21.867 20 326
21.883 19 327
21.883 18 328
21.900 19 328
21.900 20 328
21.933 19 329
21.950 20 329
21.967 19 330
21.967 18 331
21.967 19 331
21.983 20 331
22.000 19 332
22.000 20 332
22.017 19 333
22.033 20 333
22.050 19 334
22.067 20 334
22.117 19 335
22.117 20 335
22.217 19 336
22.217 20 336
22.233 19 337
22.250 20 337
22.283 19 338
22.283 20 338
22.300 19 339
22.317 20 339
22.367 19 340
22.367 18 341
22.383 19 341
22.383 20 341
22.400 19 342
22.417 20 342
22.483 19 343
22.483 20 343
22.583 19 344
22.583 20 344
22.633 19 345
22.650 20 345
22.683 19 346
22.683 20 346
22.767 19 347
22.767 20 347
22.800 19 348
22.817 20 348
22.850 19 349
22.850 18 350
22.850 19 350
22.867 20 350
22.933 19 351
22.950 20 351
22.967 19 352
22.967 20 352
23.017 19 353
23.033 20 353
23.050 19 354
23.067 20 354
23.150 19 355
23.150 20 355
23.233 19 356
23.233 20 356
23.250 19 357
23.267 20 357
23.283 19 358
23.283 20 358
23.317 19 359
23.333 20 359
23.467 19 360
23.467 20 360
23.483 19 361
23.500 20 361
23.567 19 362
23.583 20 362
23.650 19 363
23.650 20 363
23.717 19 364
23.717 20 364
23.733 19 365
23.750 20 365
23.850 19 366
23.867 20 366
23.883 19 367
23.883 20 367
23.933 19 368
23.933 20 368
23.983 19 369
24.000 20 369
24.050 19 370
24.067 20 370
24.083 19 371
24.083 20 371
24.100 19 372
24.100 18 373
24.117 19 373
24.117 20 373
24.167 19 374
24.167 20 374
24.350 19 375
24.350 18 376
24.350 19 376
24.367 20 376
24.417 19 377
24.433 20 377
24.467 19 378
24.467 20 378
24.517 19 379
24.517 18 380
24.517 19 380
24.533 20 380
24.583 19 381
24.583 20 381
24.783 19 382
24.800 20 382
24.817 19 383
24.817 20 383
24.833 19 383
24.833 18 383
24.850 19 383
24.850 20 383
24.867 19 384
24.883 20 384
24.900 19 385
24.900 20 385
24.950 19 386
24.950 20 386
25.183 19 386
25.200 20 386
25.250 19 387
25.267 20 387
25.300 19 388
25.300 20 388
25.333 19 389
25.333 18 390
25.333 19 390
25.350 20 390
25.450 19 391
25.467 20 391
25.517 19 392
25.517 20 392
25.567 19 393
25.567 20 393
25.617 19 394
25.633 20 394
25.683 19 395
25.700 20 395
25.783 19 396
25.800 20 396
25.867 19 396
25.883 20 396
25.933 19 397
25.933 20 397
26.050 19 398
26.050 20 398
26.100 19 399
26.100 20 399
26.167 19 400
26.167 20 400
26.183 19 401
26.200 20 401
26.217 19 402
26.217 18 402
26.217 19 402
26.233 20 402
26.250 19 403
26.250 20 403
26.400 19 403
26.417 20 403
26.467 19 404
26.483 20 404
26.567 19 405
26.567 18 405
26.583 19 405
26.583 20 405
26.600 19 406
26.617 20 406
26.633 19 407
26.650 20 407
26.667 19 408
26.667 20 408
26.683 19 409
26.683 18 410
26.700 19 410
26.700 20 410
26.717 19 410
26.733 20 410
27.100 19 411
27.100 20 411
27.117 19 411
27.133 20 411
27.150 19 412
27.150 20 412
27.217 19 413
27.217 18 414
27.217 19 414
27.233 20 414
27.250 19 415
27.250 20 415
27.300 19 416
27.300 20 416
27.317 19 416
27.317 18 416
27.333 19 416
27.333 20 416
27.383 19 417
27.400 20 417
27.417 19 417
27.433 20 417
27.517 19 418
27.533 20 418
27.550 19 418
27.550 18 418
27.550 17 418
27.550 18 418
27.567 19 418
27.567 20 418
27.583 19 419
27.600 20 419
27.700 19 420
27.700 18 421
27.717 19 421
27.733 20 421
27.800 19 422
27.800 18 422
27.800 19 422
27.817 20 422
27.833 19 423
27.833 18 424
27.850 19 424
27.850 20 424
27.950 19 425
27.967 20 425
27.983 19 426
27.983 20 426
28.017 19 426
28.017 18 426
28.017 17 426
28.017 18 426
28.033 19 426
28.033 20 426
28.050 19 426
28.067 20 426
28.133 19 427
28.150 20 427
28.233 19 427
28.233 18 428
28.250 19 428
28.250 20 428
28.450 19 429
28.450 20 429
28.467 19 430
28.483 20 430
28.583 19 431
28.600 20 431
28.617 19 432
28.633 20 432
28.650 19 433
28.650 20 433
28.667 19 434
28.683 20 434
28.700 19 435
28.700 20 435
28.767 19 436
28.783 20 436
28.817 19 437
28.833 20 437
28.850 19 438
28.850 20 438
28.950 19 439
28.950 20 439
28.967 19 440
28.967 18 441
28.983 19 441
28.983 20 441
29.000 19 442
29.017 20 442
29.033 19 443
29.033 18 443
29.033 19 443
29.050 20 443
29.117 19 444
29.117 18 445
29.133 19 445
29.133 20 445
29.150 19 446
29.167 20 446
29.567 19 447
29.567 20 447
29.617 19 448
29.617 18 449
29.633 19 449
29.633 20 449
29.683 19 450
29.683 20 450
29.750 19 451
29.767 20 451
29.783 19 452
29.783 20 452
29.833 19 453
29.833 20 453
29.867 19 454
29.883 20 454
29.900 19 454
29.900 20 454
29.950 19 455
29.950 20 455
30.033 19 456
30.033 20 456
30.117 19 457
30.133 20 457
30.150 19 458
30.167 20 458
30.217 19 459
30.217 20 459
30.250 19 460
30.250 18 461
30.267 19 461
30.267 20 461
30.333 19 462
30.333 20 462
30.550 19 463
30.550 20 463
30.600 19 464
30.600 20 464
30.617 19 465
30.633 20 465
30.650 19 466
30.650 20 466
30.733 19 467
30.733 20 467
30.767 19 468
30.783 20 468
30.817 19 469
30.817 20 469
30.950 19 470
30.967 20 470
30.983 19 471
30.983 20 471
31.017 19 472
31.033 20 472
31.133 19 473
31.150 20 473
31.167 19 474
31.167 20 474
31.200 19 475
31.200 20 475
31.300 19 476
31.300 18 477
31.300 19 477
31.317 20 477
31.433 19 478
31.450 20 478
31.467 19 478
31.467 18 478
31.467 17 479
31.467 18 479
31.483 19 479
31.517 18 480
31.600 19 480
31.600 20 480
31.617 19 481
31.617 18 482
31.733 17 483
31.750 16 484
31.767 15 485
31.867 14 486
32.033 13 487
32.033 12 488
32.067 11 489
32.150 10 490
32.150 9 491
32.150 8 492
32.200 7 493
32.317 6 494
33.000 5 495
33.417 4 496
33.567 3 497
33.583 2 498
33.983 1 499
39.333 0 500
39.367 1 500
39.433 0 501
