servers rows p16 r16 p32 r32 p64 r64 p128 r128 p256 r256
1 2000000000 0.827 0.7972 0.918 0.9046 0.965 0.965 0.989 0.9912 0.999 0.9988
2 4000000000 0.831 0.8192 0.922 0.9214 0.971 0.9714 0.994 0.9922 1.0 0.9986
3 6000000000 0.833 0.8136 0.924 0.9174 0.975 0.9724 0.993 0.9938 1.0 0.999
5 10000000000 0.838 0.8464 0.923 0.9308 0.969 0.9794 0.99 0.9958 1.0 0.9996
10 20000000000 0.868 0.8608 0.939 0.9426 0.98 0.9844 0.994 0.9972 1.0 0.9996
20 40000000000 0.871 0.881 0.945 0.953 0.983 0.986 0.997 0.998 1.0 0.9996
50 100000000000 0.884 0.9062 0.959 0.97 0.988 0.99 0.998 0.9984 1.0 1.0
100 200000000000 0.91 0.9126 0.973 0.971 0.989 0.9926 0.999 0.999 0.999 0.9996
200 400000000000 0.926 0.9422 0.977 0.9838 0.991 0.9962 0.999 0.9996 0.999 0.9998
300 600000000000 0.945 0.9476 0.985 0.9878 0.995 0.997 0.999 0.9992 0.999 0.9998
400 800000000000 0.955 0.9444 0.989 0.9872 0.996 0.9966 0.999 0.9992 1.0 0.9998
500 1000000000000 0.952 0.952 0.989 0.989 0.997 0.997 0.999 0.999 1.0 1.0
